Class     Images  Instances          P          R      mAP50   mAP50-95
  all       2118       5436      0.796      0.396      0.451      0.325
 pl80       2118        188      0.791      0.826      0.861      0.635
   p6       2118         21      0.427      0.381      0.417      0.315
ph4.2       2118          6          0          0     0.0273     0.0208
 pa13       2118          9      0.627      0.667      0.813      0.633
   im       2118         14      0.538      0.786      0.715      0.477
  w58       2118         24      0.717      0.528      0.563      0.341
 pl90       2118         11      0.609      0.455      0.537      0.396
 il70       2118          4      0.722       0.25      0.282      0.223
   p5       2118         85       0.89      0.847       0.92      0.694
 pm55       2118         27      0.695      0.852       0.83      0.619
 pl60       2118        152      0.663      0.674      0.761      0.594
   ip       2118         66      0.888      0.879      0.903      0.533
  p11       2118        336      0.793      0.742      0.798      0.554
  pdd       2118          7          1          0      0.363      0.252
   wc       2118         10      0.837        0.5      0.609      0.441
  i2r       2118         82      0.821      0.854      0.852      0.613
  w30       2118         27      0.668      0.595       0.68      0.429
  pmr       2118          2          1          0    0.00374    0.00337
  p23       2118         52      0.897      0.846      0.877      0.657
 pl15       2118         22      0.812      0.393      0.539      0.343
 pm10       2118         10      0.696        0.6      0.577      0.436
  pss       2118          1          1          0    0.00214    0.00193
   w1       2118          1          1          0          0          0
   p4       2118          1          1          0      0.166      0.116
  w38       2118          2          1          0      0.025       0.02
  w34       2118          1          0          0     0.0079    0.00395
   iz       2118          3          1      0.621      0.665      0.399
  p1n       2118          3      0.572      0.667      0.463      0.335
 pr70       2118          2      0.601          1      0.995      0.746
   pg       2118         31       0.89      0.774      0.806      0.526
  w66       2118          2          1          0     0.0223     0.0156
 il80       2118         52      0.888      0.846      0.898        0.7
   pb       2118          9      0.859      0.556      0.663      0.543
  pbm       2118         15      0.623        0.4      0.428      0.331
  pm5       2118          1      0.827          1      0.995      0.796
  w24       2118          3          1          0     0.0647     0.0465
 pm40       2118          2          1          0     0.0115    0.00921
  ph4       2118         31      0.656      0.581      0.693      0.512
  w45       2118          8          1          0      0.143     0.0904
   i4       2118        139      0.852       0.95      0.957      0.627
  w37       2118          1          1          0     0.0332     0.0265
 pl70       2118         42      0.892      0.592      0.623      0.455
  i11       2118          1          1          0     0.0146    0.00732
  p29       2118          8      0.953      0.125      0.217       0.18
  pne       2118        486      0.934      0.904      0.941      0.623
 pr60       2118          5      0.452          1      0.962      0.743
 pm13       2118          1          1          0      0.249      0.224
ph4.5       2118         34      0.692      0.765       0.82      0.647
  p12       2118         37      0.466      0.568      0.608      0.464
   p3       2118         32      0.746       0.75      0.792      0.531
  pl5       2118        109      0.666      0.789      0.803      0.524
  w13       2118         23       0.51      0.522      0.471        0.3
 pr10       2118          1          1          0          0          0
  p14       2118          6      0.625      0.564      0.622       0.52
  i4l       2118         70      0.791      0.886       0.88      0.613
 pr30       2118          6      0.377      0.909      0.899      0.727
  w16       2118          1          1          0          0          0
  p17       2118          8          1          0      0.154      0.112
  ph3       2118          7      0.825      0.143      0.276      0.223
  w15       2118          2          1          0          0          0
  pa8       2118          1          1          0          0          0
   pt       2118          1          1          0          0          0
 pr45       2118          1          1          0          0          0
 pl30       2118        115      0.817      0.757      0.815       0.61
 pr50       2118         12      0.838          1      0.977      0.773
ph4.4       2118          2          1          0          0          0
 pm46       2118          1          1          0    0.00469    0.00375
 pm35       2118          1          1          0          0          0
  i15       2118          1      0.407          1      0.995      0.398
   i1       2118          2          1          0     0.0629     0.0503
  pcd       2118          7          1          0    0.00703    0.00431
  pbp       2118         24      0.671      0.583      0.614      0.444
  pcr       2118          3          1          0     0.0726     0.0392
   ps       2118         13          1      0.495      0.555      0.349
  pm8       2118          5          1          0    0.00758    0.00682
  w18       2118          3          0          0     0.0554     0.0485
ph2.9       2118          1          1          0     0.0134    0.00941
ph1.8       2118          1          1          0          0          0
  p20       2118          1          1          0          0          0
  p10       2118         80      0.794      0.722      0.806      0.616
   pn       2118        640      0.901      0.884      0.918      0.626
 pa14       2118         10      0.559          1      0.986      0.719
ph3.2       2118          1          1          0          0          0
   p2       2118          2          1          0      0.165      0.149
ph2.5       2118          7          1          0      0.122      0.104
  w62       2118          1          1          0          0          0
  w55       2118         35      0.662      0.829      0.811      0.512
  i12       2118          3      0.567      0.667      0.444      0.333
phclr       2118          2          1          0     0.0996     0.0796
  i10       2118         17      0.621      0.529      0.553      0.357
  i13       2118          2       0.84        0.5      0.496      0.396
  w10       2118          1          1          0          0          0
  p26       2118        160      0.747      0.794      0.835      0.628
  w26       2118          1      0.139      0.278      0.497      0.249
   p8       2118          3          1          0      0.108     0.0715
  w42       2118          3      0.295      0.333      0.254      0.187
 il50       2118          6      0.817      0.833      0.904      0.664
  p13       2118         65      0.648      0.766      0.769      0.476
 pr40       2118         40      0.895      0.975      0.972      0.783
  p25       2118          9      0.897      0.667       0.88      0.656
  w41       2118          1          1          0          0          0
 pl20       2118         24      0.654      0.625      0.695       0.45
ph4.8       2118          4          1          0    0.00538     0.0045
 pnlc       2118          1          1          0          0          0
ph3.3       2118          6       0.41      0.167      0.321      0.241
 pm30       2118         18      0.563      0.667      0.725      0.611
  p21       2118          1          1          0          0          0
 pl40       2118        286      0.778      0.782      0.854       0.61
  pmb       2118         11          1      0.536       0.67       0.55
   pc       2118          1          1          0          0          0
 pr20       2118          6      0.737          1      0.995       0.84
  p18       2118         19       0.87      0.368      0.585      0.433
ph3.8       2118          1          1          0          0          0
 pm50       2118          3          1          0     0.0805     0.0672
 pm25       2118          4          1      0.646      0.755      0.616
   i2       2118         78      0.689      0.846       0.83      0.551
  w22       2118          5      0.161      0.462      0.433      0.315
  w47       2118          8      0.594      0.368      0.327      0.225
pl120       2118         62      0.623      0.823      0.864      0.664
ph2.8       2118          3          1          0      0.394      0.331
pm2.5       2118          1          1          0          0          0
  w32       2118         21      0.681      0.714      0.754       0.39
 pm15       2118          6      0.555        0.5      0.569      0.466
  ph5       2118         22       0.38      0.545      0.509       0.39
pw3.2       2118          4          1          0      0.603      0.556
 pl10       2118          9          1      0.551      0.635       0.48
 il60       2118        107      0.824      0.972      0.965       0.74
  w57       2118         77      0.801      0.784      0.856       0.55
  w48       2118          1          1          0          0          0
  w60       2118          1          1          0      0.995      0.298
pl100       2118        134      0.805        0.8      0.883      0.698
 pr80       2118          1      0.302          1      0.995      0.895
  p16       2118          4          1          0     0.0757     0.0559
pl110       2118         11      0.824      0.428      0.708      0.499
  w59       2118         50      0.683       0.86      0.794      0.516
  w20       2118          5          1          0      0.104     0.0756
  ph2       2118          3          1          0      0.191      0.129
   p9       2118         11      0.516      0.545      0.584      0.431
il100       2118         24      0.715      0.838      0.897      0.659
ph2.4       2118          2          1          0      0.168      0.101
  p19       2118         21      0.626      0.571      0.631      0.474
ph3.5       2118          2          1          0      0.173      0.154
 pa10       2118          1       0.17          1      0.199      0.159
  pcl       2118         21      0.856      0.567      0.686      0.513
 pl35       2118          4          0          0     0.0806     0.0703
  p15       2118          3          1          0          0          0
  w43       2118          2          1          0      0.019     0.0148
  p28       2118          1          1          0      0.497      0.274
   w3       2118          4          1          0     0.0993     0.0691
il110       2118          4      0.209       0.25      0.456      0.319
   p1       2118         14      0.701        0.5       0.51      0.391
  w46       2118          2          1          0    0.00727    0.00582
  w44       2118          1          1          0      0.332      0.265
  w63       2118         23      0.685      0.568      0.635      0.379
 pm20       2118         26      0.648       0.85      0.815       0.62
   i5       2118        371      0.896      0.922      0.949      0.626
 il90       2118         18      0.781      0.596      0.857      0.655
  w21       2118          8      0.455      0.625      0.585      0.424
  p27       2118         33      0.706      0.667      0.747       0.57
 pl50       2118        209      0.708      0.753      0.793      0.551
ph2.2       2118          1          1          0     0.0369     0.0332
  pm2       2118          1          1          0          0          0
   i3       2118          2          1          0    0.00496    0.00347
  pw4       2118          3          1          0          0          0